err_3: -0.00446113365881
err_4: -0.00139622186704
err_5: -0.0011326458828
err_6: -0.113461273397

weight13: 0.155388663412
weight14: 0.18603778133
weight15: 0.188673541172
weight23: 0.110777326824
weight24: 0.172075562659
weight25: 0.177347082344
weight36: -0.629515369805
weight46: 0.679690432062
weight56: 0.372989171348